doubleF
0.000000 0.000000 0.000000 0.000000 0.000000 0.000000 0.000000 0.000000 0.000000 0.000000 0.000000 0.000000 0.000000 0.000000 0.000000 0.000000 
0.000000 0.000000 0.000000 0.000000 0.000000 0.000000 0.000000 0.000000 0.000000 0.000000 0.000000 0.000000 0.000000 0.000000 0.000000 0.000000 
-4.055195 1.944981 -0.755198 5.219954 -4.655198 -5.164161 -3.018407 -2.655204 -4.155198 -5.755401 -1.455198 -5.955198 1.144802 0.944802 9.381841 2.044800 
-1.674778 4.230076 -2.916157 -3.269925 -2.277817 -4.069925 1.130069 -3.969925 -3.203027 7.030076 -3.569925 -4.369904 6.530083 -3.669925 -1.351000 -1.869925 


doubleB
-0.989685 -0.370901 -0.223375 -0.257433 -0.249969 -0.267065 0.846155 -0.681116 -0.412076 0.220706 -1.251585 -1.325559 -0.088611 -2.277722 -0.143213 -0.384759 -0.315025 -0.135025 -0.019578 0.521792 0.538535 0.146178 0.163996 -0.213280 
0.000000 0.000000 0.000000 0.000000 0.000000 0.000000 0.000000 0.000000 0.000000 0.000000 0.000000 0.000000 0.000000 0.000000 0.000000 0.000000 -0.597016 -0.570396 -0.296597 -0.966377 -0.489152 0.043617 0.711234 -1.910208 
0.000000 0.178830 -0.412630 -0.134076 -0.410052 -0.489336 -0.851266 -0.850732 -0.726049 -0.601490 -0.978054 -0.138714 -0.266043 -0.837010 -0.693534 0.038352 
0.000000 -0.039393 0.205905 0.194996 -0.015949 -0.020481 -0.188121 -0.283701 -0.340799 -0.439225 -0.338498 -0.296140 -0.436794 -0.189147 0.287477 -0.158483 


offset
-101.343162 -107.915697 -104.368175 -100.887530 -103.080037 -104.497148 -105.698644 -97.811191 -102.257076 -101.147510 -96.394154 -101.370540 -101.833126 -101.608289 -101.073016 -105.904719 -111.737409 -110.265209 -113.159444 -109.627184 -106.943058 -104.598658 -110.873954 -107.861894 
0.000000 0.000000 0.000000 0.000000 0.000000 0.000000 0.000000 0.000000 0.000000 0.000000 0.000000 0.000000 0.000000 0.000000 0.000000 0.000000 -107.178867 -103.600820 -104.141196 -103.096342 -108.033955 -109.786062 -110.081053 -94.076337 
-112.744802 -111.765986 -119.457383 -108.478937 -108.954852 -110.034143 -108.197901 -110.332322 -111.080022 -108.246294 -106.922791 -117.521692 -109.010845 -103.918600 -102.033750 -112.381737 
-117.630075 -110.470089 -114.824319 -118.864563 -117.533747 -118.050963 -109.318204 -112.113776 -107.370643 -104.269466 -105.992105 -106.226215 -106.833937 -107.119675 -104.409524 -112.488558 
