doubleF
0.000000 0.000000 0.000000 0.000000 0.000000 0.000000 0.000000 0.000000 0.000000 0.000000 0.000000 0.000000 0.000000 0.000000 0.000000 0.000000 
0.000000 0.000000 0.000000 0.000000 0.000000 0.000000 0.000000 0.000000 0.000000 0.000000 0.000000 0.000000 0.000000 0.000000 0.000000 0.000000 
-2.419813 2.880196 -1.119744 0.002131 -3.119813 -5.019819 -1.919800 -1.719814 -2.516206 -4.319813 -1.219815 -3.719813 0.379587 -0.619813 7.580192 0.972047 
-2.726149 3.073852 -3.226150 -3.426492 -1.326148 -4.625743 1.073858 -2.926165 -3.525902 5.873456 -2.626146 -3.326099 7.273849 -4.525183 -0.726145 -2.726152 


doubleB
-0.203596 0.421548 0.336269 0.321239 -0.378238 0.252930 0.532558 -0.388601 0.143329 -0.393757 -0.923056 -0.314743 -0.087079 -0.295212 -0.147445 0.227977 0.574743 0.224383 0.785421 0.166087 0.126162 -0.089142 0.375421 0.350153 
0.000000 0.000000 0.000000 0.000000 0.000000 0.000000 0.000000 0.000000 0.000000 0.000000 0.000000 0.000000 0.000000 0.000000 0.000000 0.000000 -0.508006 -0.739637 -0.335114 -0.608523 0.512471 0.110677 1.215550 -1.842403 
0.000000 -0.551662 -0.328329 -0.746490 -0.794197 -0.792864 -0.803463 -0.725517 -0.893451 -0.809695 -1.010031 -0.580103 -0.813166 -0.954350 -1.158571 -0.221506 
0.000000 -0.179179 -0.137995 -0.082061 -0.016523 -0.102341 -0.275533 -0.241472 -0.504764 -0.366679 -0.475013 -0.284785 -0.374972 -0.308551 -0.420461 -0.115112 


offset
-285.278473 -290.758625 -289.637075 -285.952393 -288.258471 -287.627261 -290.947305 -283.068857 -286.636772 -286.767084 -280.797027 -283.594987 -286.260951 -283.769034 -285.724734 -289.246883 -294.199478 -291.855583 -294.087546 -291.815478 -289.854703 -286.763011 -292.429305 -289.829747 
0.000000 0.000000 0.000000 0.000000 0.000000 0.000000 0.000000 0.000000 0.000000 0.000000 0.000000 0.000000 0.000000 0.000000 0.000000 0.000000 -286.988720 -286.441778 -286.708997 -285.961912 -290.861307 -289.762940 -292.458284 -277.131920 
-291.980187 -291.533506 -299.007631 -289.326655 -289.374374 -289.872451 -288.283968 -290.220859 -290.877247 -288.789587 -287.291111 -297.860039 -289.093122 -284.334537 -282.738359 -292.199850 
-297.273852 -289.649400 -293.511853 -298.255698 -297.272833 -297.576327 -288.549400 -291.115429 -287.961720 -285.740527 -286.250289 -286.049753 -286.349091 -286.882609 -284.888952 -291.088788 
