doubleF
0.000000 0.000000 0.000000 0.000000 0.000000 0.000000 0.000000 0.000000 0.000000 0.000000 0.000000 0.000000 0.000000 0.000000 0.000000 0.000000 
0.000000 0.000000 0.000000 0.000000 0.000000 0.000000 0.000000 0.000000 0.000000 0.000000 0.000000 0.000000 0.000000 0.000000 0.000000 0.000000 
-3.833688 2.304647 -0.795466 5.503340 -1.381841 -5.995365 -2.295356 -1.995356 -3.795355 -5.695353 -1.721918 -5.495355 1.304645 1.504462 9.504643 2.204642 
-2.298964 3.800788 -2.655064 -3.598964 -2.198961 -3.898964 1.001039 -3.498964 -3.898965 6.701054 -3.698959 -3.798544 6.701036 -4.398967 -1.298964 -1.629058 


doubleB
-0.148069 0.449222 0.355317 0.168913 0.262799 0.038463 0.764386 -0.642395 0.306870 0.186311 -0.699799 -0.300912 -0.104969 -0.494725 0.401477 0.360472 0.069048 0.321502 0.506996 0.411798 0.124430 0.289812 0.464334 0.093957 
0.000000 0.000000 0.000000 0.000000 0.000000 0.000000 0.000000 0.000000 0.000000 0.000000 0.000000 0.000000 0.000000 0.000000 0.000000 0.000000 0.506217 -0.382244 0.053725 -0.457229 1.351134 2.156883 4.104646 -2.122174 
0.000000 2.204642 0.398404 -0.232097 -0.099328 -0.253606 -0.378776 -0.296206 -0.321705 -0.373291 -0.639048 0.069442 -0.187433 -0.601133 -0.698402 0.425172 
0.000000 -0.111522 0.052680 0.069449 -0.091677 0.013596 -0.428125 -0.292051 -0.396051 -0.472212 -0.472015 -0.338808 -0.502396 -0.259983 -0.386751 -0.148641 


offset
-100.551243 -107.251735 -104.512336 -100.935900 -102.918578 -104.265507 -106.501708 -98.108720 -101.863595 -101.515145 -96.304445 -100.501943 -102.306241 -100.095783 -101.099562 -105.340564 -111.418342 -110.083073 -113.097716 -110.289251 -107.677269 -104.676517 -109.601975 -108.107047 
0.000000 0.000000 0.000000 0.000000 0.000000 0.000000 0.000000 0.000000 0.000000 0.000000 0.000000 0.000000 0.000000 0.000000 0.000000 0.000000 -105.998604 -103.086904 -103.547043 -102.561868 -106.252872 -107.244105 -106.500000 -94.025507 
-112.904645 -112.047172 -118.906140 -108.836677 -108.998712 -110.058849 -107.993068 -110.165815 -111.025873 -108.377481 -106.843748 -117.635259 -109.292076 -104.005475 -102.401738 -112.379503 
-117.501036 -110.512589 -115.005375 -119.031291 -117.592696 -117.987443 -109.529161 -112.093086 -107.397087 -104.273247 -105.973333 -106.309649 -106.703842 -107.061027 -104.987822 -112.449877 
