doubleF
0.000000 0.000000 0.000000 0.000000 0.000000 0.000000 0.000000 0.000000 0.000000 0.000000 0.000000 0.000000 0.000000 0.000000 0.000000 0.000000 
0.000000 0.000000 0.000000 0.000000 0.000000 0.000000 0.000000 0.000000 0.000000 0.000000 0.000000 0.000000 0.000000 0.000000 0.000000 0.000000 
-2.163766 3.046184 -0.563768 6.436232 -2.363769 -4.463776 -1.763769 -1.607490 -1.663549 -3.963752 -0.263767 -2.968128 1.236239 0.009000 7.836232 0.790596 
-2.010151 3.238867 -3.110890 -2.810153 -1.010150 -3.210150 1.289850 -2.865087 -2.810141 6.189850 -2.210144 -3.309973 7.389850 -1.307937 -0.810150 -2.410147 


doubleB
1.510384 1.861137 1.574733 0.796881 0.973068 0.996066 1.294285 0.624517 1.217405 1.261434 0.447445 0.655430 0.763603 0.457308 1.231695 1.395745 1.420792 1.707308 1.827002 1.121964 1.095932 0.927704 1.805412 1.150562 
0.000000 0.000000 0.000000 0.000000 0.000000 0.000000 0.000000 0.000000 0.000000 0.000000 0.000000 0.000000 0.000000 0.000000 0.000000 0.000000 -0.401677 0.227559 -0.228010 -0.330307 1.068067 0.690334 2.818284 -1.017327 
0.000000 0.070429 0.210525 -0.263339 -0.037199 0.019611 -0.042366 -0.078545 -0.093991 -0.031415 -0.113067 0.144378 -0.040956 -0.339742 -0.537781 0.468669 
0.000000 -0.079666 0.017951 0.177548 0.142636 0.276047 0.028752 0.086596 -0.047868 0.107326 0.038830 0.022381 -0.119003 -0.130149 -0.014537 0.238612 


offset
-367.843421 -374.028698 -373.015294 -370.292974 -371.663168 -371.695995 -374.995707 -366.621668 -370.473077 -369.628516 -364.241298 -367.379914 -370.226211 -367.334601 -369.004540 -371.950426 -377.969064 -375.082512 -377.562874 -375.214255 -373.193955 -369.962314 -373.494034 -372.985678 
0.000000 0.000000 0.000000 0.000000 0.000000 0.000000 0.000000 0.000000 0.000000 0.000000 0.000000 0.000000 0.000000 0.000000 0.000000 0.000000 -373.740347 -372.661146 -373.518018 -372.922732 -376.466645 -375.899514 -376.971773 -365.252231 
-381.036232 -380.568407 -387.982315 -378.330087 -378.278247 -378.716618 -377.177259 -379.171068 -379.830252 -377.667648 -376.009234 -386.791852 -377.977186 -373.231944 -371.728377 -381.066520 
-386.589850 -378.970053 -382.720081 -387.512300 -386.447214 -386.713387 -377.661099 -380.204032 -376.832804 -374.677494 -375.151036 -375.067382 -375.508854 -376.020761 -373.790257 -379.951245 
