doubleF
0.000000 0.000000 0.000000 0.000000 0.000000 0.000000 0.000000 0.000000 0.000000 0.000000 0.000000 0.000000 0.000000 0.000000 0.000000 0.000000 
0.000000 0.000000 0.000000 0.000000 0.000000 0.000000 0.000000 0.000000 0.000000 0.000000 0.000000 0.000000 0.000000 0.000000 0.000000 0.000000 
0.000000 0.000000 0.000000 0.000000 0.000000 0.000000 0.000000 0.000000 0.000000 0.000000 0.000000 0.000000 0.000000 0.000000 0.000000 0.000000 
0.000000 0.000000 0.000000 0.000000 0.000000 0.000000 0.000000 0.000000 0.000000 0.000000 0.000000 0.000000 0.000000 0.000000 0.000000 0.000000 


doubleB
-320.928396 -909.756692 -558.546525 -536.682331 -220.991525 -483.113876 -921.057201 -1031.540798 -360.913050 -1043.388116 -1.171979 -389.934165 -139.419231 1.453609 -563.866825 -275.418967 -129.079805 3.857944 -241.895223 -284.811336 -508.267426 0.000000 -117.634125 0.000000 
0.000000 0.000000 0.000000 0.000000 0.000000 0.000000 0.000000 0.000000 0.000000 2.299202 -400.552504 2.900000 -721.638663 -491.120079 -1053.045638 -1257.852568 3.666668 -375.928218 -356.859124 -1045.248210 -1965.339731 -458.879091 -2667.475726 -1099.865548 
0.000000 0.000000 0.000000 0.000000 0.000000 0.000000 0.000000 0.000000 0.000000 0.000000 0.000000 0.000000 0.000000 0.000000 0.000000 0.000000 
0.000000 0.000000 0.000000 0.000000 0.000000 0.000000 0.000000 0.000000 0.000000 0.000000 0.000000 0.000000 0.000000 0.000000 0.000000 0.000000 


offset
13696.247568 13105.287298 13456.405529 13473.268849 13798.159719 13531.169271 13096.603048 12979.711188 13656.365911 12970.385951 14016.644000 13619.390836 13878.325180 14014.698608 13449.900178 13735.634029 13895.251193 14014.682944 13769.967615 13724.799660 13511.523634 13719.163096 13895.518901 13791.425226 
0.000000 0.000000 0.000000 0.000000 0.000000 0.000000 0.000000 0.000000 0.000000 14014.431513 13607.901521 14011.528000 13286.406339 13519.579931 12953.214259 12751.548706 14009.503667 13634.081026 13656.700175 12966.621780 12047.951414 13546.827903 11327.864750 12910.953462 
0.000000 0.000000 0.000000 0.000000 0.000000 0.000000 0.000000 0.000000 0.000000 0.000000 0.000000 0.000000 0.000000 0.000000 0.000000 0.000000 
0.000000 0.000000 0.000000 0.000000 0.000000 0.000000 0.000000 0.000000 0.000000 0.000000 0.000000 0.000000 0.000000 0.000000 0.000000 0.000000 
