doubleF
0.000000 0.000000 0.000000 0.000000 0.000000 0.000000 0.000000 0.000000 0.000000 0.000000 0.000000 0.000000 0.000000 0.000000 0.000000 0.000000 
0.000000 0.000000 0.000000 0.000000 0.000000 0.000000 0.000000 0.000000 0.000000 0.000000 0.000000 0.000000 0.000000 0.000000 0.000000 0.000000 
-2.582391 2.917610 -0.983188 5.915099 -2.982368 -5.182135 -1.781700 -1.782372 -2.382347 -3.982387 -1.382403 -3.482318 0.517595 -0.282394 7.617622 0.914720 
-2.505385 3.093378 -3.105390 -3.305376 -1.305388 -4.205388 0.995285 -2.705633 -3.105567 5.258711 -2.505361 -3.105383 6.172645 -4.305641 -0.705313 -2.605388 


doubleB
0.388407 0.773191 0.791606 0.498251 0.494749 0.473426 0.767093 0.048136 0.410132 0.343361 -0.221231 0.060416 0.290051 -0.027634 0.247561 0.568342 0.931949 0.744782 1.017179 0.666391 0.549990 0.331355 0.891972 0.512709 
0.000000 0.000000 0.000000 0.000000 0.000000 0.000000 0.000000 0.000000 0.000000 0.000000 0.000000 0.000000 0.000000 0.000000 0.000000 0.000000 -0.217368 -0.323371 -0.246110 -0.265244 0.660869 0.255204 1.578596 -1.682263 
0.000000 -0.143954 -0.027538 -0.418079 -0.486139 -0.398172 -0.500315 -0.375448 -0.414640 -0.462202 -0.519701 -0.209581 -0.396392 -0.630360 -0.619625 0.109880 
0.000000 -0.270322 -0.221490 -0.123158 -0.241270 -0.162994 -0.292404 -0.322189 -0.491083 -0.423186 -0.440727 -0.441272 -0.410275 -0.351091 -0.458310 -0.286827 


offset
-284.729202 -290.544574 -289.202735 -285.896321 -287.499868 -287.441337 -290.750615 -282.646328 -286.507154 -285.774229 -280.015836 -283.433943 -285.805100 -283.422619 -285.247439 -288.749092 -293.762475 -291.528360 -293.777587 -291.328372 -289.244666 -286.240288 -291.602626 -289.481886 
0.000000 0.000000 0.000000 0.000000 0.000000 0.000000 0.000000 0.000000 0.000000 0.000000 0.000000 0.000000 0.000000 0.000000 0.000000 0.000000 -286.311976 -285.418749 -285.863889 -284.860529 -290.133833 -289.339417 -291.214620 -275.495895 
-291.017608 -290.461577 -298.045129 -288.336178 -288.403779 -288.915782 -287.318113 -289.290547 -289.931449 -287.901209 -286.237347 -296.927185 -288.114032 -283.347988 -281.637181 -291.307724 
-296.594612 -288.829065 -292.615470 -297.317777 -296.440182 -296.723683 -287.586748 -290.215913 -286.885694 -284.784301 -285.233596 -285.135911 -285.369075 -285.945524 -283.930964 -290.185231 
