doubleF
0.000000 0.000000 0.000000 0.000000 0.000000 0.000000 0.000000 0.000000 0.000000 0.000000 0.000000 0.000000 0.000000 0.000000 0.000000 0.000000 
0.000000 0.000000 0.000000 0.000000 0.000000 0.000000 0.000000 0.000000 0.000000 0.000000 0.000000 0.000000 0.000000 0.000000 0.000000 0.000000 
-3.700263 2.396227 -0.700228 5.499783 -3.806353 -0.000188 -2.200229 -2.000226 -3.800229 -5.499723 -1.799775 -5.300231 1.399772 1.599771 9.466027 2.199735 
-2.330777 3.769230 -2.630528 -3.730758 -2.230703 -3.930777 1.069223 -3.530776 -3.930776 6.769226 -3.730777 -3.830782 6.769206 -4.331046 -1.230777 -1.630805 


doubleB
0.017848 0.803866 0.363209 0.085396 0.394390 0.698530 0.767011 -0.451238 0.249144 0.542018 -0.823950 -0.129159 0.228749 -0.123116 0.436097 0.773615 0.598697 0.665040 1.147805 0.524279 0.409584 0.311872 0.889320 0.011250 
0.000000 0.000000 0.000000 0.000000 0.000000 0.000000 0.000000 0.000000 0.000000 0.000000 0.000000 0.000000 0.000000 0.000000 0.000000 0.000000 0.139723 -0.397241 -0.101142 -0.361716 0.572209 1.231040 2.484452 -1.091266 
0.000000 2.199735 0.435040 -0.234114 -0.086233 -0.178627 -0.362301 -0.199752 -0.225995 -0.270804 -0.499572 0.095098 -0.103400 -0.550918 -0.701809 0.478480 
0.000000 -0.237891 -0.025652 0.030968 -0.190094 -0.101704 -0.442706 -0.348662 -0.464041 -0.626702 -0.490048 -0.370598 -0.498083 -0.255805 -0.418245 -0.142687 


offset
-100.574578 -107.089781 -104.636563 -101.309243 -103.074829 -103.695751 -106.632788 -98.121421 -102.120090 -101.257811 -96.709778 -100.498055 -102.071057 -99.792363 -101.162595 -105.095619 -110.873915 -109.804398 -112.521680 -110.344939 -107.559610 -104.857344 -109.179924 -108.389765 
0.000000 0.000000 0.000000 0.000000 0.000000 0.000000 0.000000 0.000000 0.000000 0.000000 0.000000 0.000000 0.000000 0.000000 0.000000 0.000000 -107.629662 -104.166483 -104.870386 -103.561145 -108.497072 -109.565737 -109.884930 -93.592364 
-112.999772 -112.139609 -118.956689 -108.933592 -109.085934 -110.078406 -108.062461 -110.193517 -111.025765 -108.370575 -106.869034 -117.705785 -109.303171 -103.950711 -102.500692 -112.487546 
-117.469223 -110.706654 -115.094875 -119.038238 -117.659492 -118.071272 -109.511929 -112.119880 -107.433269 -104.400872 -106.059259 -106.339804 -106.672036 -107.107871 -105.087043 -112.510662 
