41 2950
40 2950
41 2925
41 2975
42 3000
42 2900
42 3050
43 3000
35.6 2975
34.5 2985
38 3000
36 2900
36 3100
36 3000
40 3100
40 2900
32 3100
32 2900
34 3000
36 2950
36 3050
34 2950
34 3050
38 2950
38 3050
40 3000
32 3000
37 3025
37 2975
35 3025
35 2975
35 2925
37 2925
35 3075
37 3075
33 2975
33 3025
39 2975
39 3025
39 2925
39 3075
33 2925
33 3075
43 2925
43 2975
43 3025
43 3075
43 2900
43 3100
44 2925
44 2975
44 3025
44 3075
44 2900
44 3100
42 2975
42 2950
42 2925
33 2825
35 2825
37 2825
39 2825
41 2825
33 2725
35 2725
37 2725
39 2725
41 2725
38 2775
40 2775
42 2775
32 2625
42 2625
42 3075
40 2825
42 3100
40.1 2800
